created_at_dt,id_x_atypical,diff_num_atypical,id_x_typical,diff_num_typical,id_x,diff_num,atypical_bot_pct,typical_bot_pct,human_pct
2019-11-29 17:35:00+00:00,0.0,-1.0,1.0,-1.0,1,0.0,0.0,0.5,0.5
2019-11-29 17:40:00+00:00,0.0,0.0,3.0,2.0,1,0.0,0.0,0.75,0.25
2019-11-29 17:45:00+00:00,0.0,0.0,2.0,-1.0,4,3.0,0.0,0.3333333333333333,0.6666666666666666
2019-11-29 17:50:00+00:00,0.0,0.0,4.0,2.0,2,-2.0,0.0,0.6666666666666666,0.3333333333333333
2019-11-29 17:55:00+00:00,0.0,0.0,1.0,-3.0,4,2.0,0.0,0.2,0.8
2019-11-29 18:00:00+00:00,0.0,0.0,1.0,0.0,2,-2.0,0.0,0.3333333333333333,0.6666666666666666
2019-11-29 18:05:00+00:00,0.0,0.0,1.0,0.0,5,3.0,0.0,0.16666666666666666,0.8333333333333334
2019-11-29 18:10:00+00:00,1.0,1.0,2.0,1.0,3,-2.0,0.16666666666666666,0.3333333333333333,0.5
2019-11-29 18:15:00+00:00,0.0,-1.0,3.0,1.0,4,1.0,0.0,0.42857142857142855,0.5714285714285714
2019-11-29 18:20:00+00:00,0.0,0.0,3.0,0.0,2,-2.0,0.0,0.6,0.4
2019-11-29 18:25:00+00:00,0.0,0.0,2.0,-1.0,3,1.0,0.0,0.4,0.6
2019-11-29 18:30:00+00:00,0.0,0.0,0.0,-2.0,2,-1.0,0.0,0.0,1.0
2019-11-29 18:35:00+00:00,0.0,0.0,3.0,3.0,2,0.0,0.0,0.6,0.4
2019-11-29 18:40:00+00:00,0.0,0.0,2.0,-1.0,2,0.0,0.0,0.5,0.5
2019-11-29 18:45:00+00:00,0.0,0.0,1.0,-1.0,3,1.0,0.0,0.25,0.75
2019-11-29 18:50:00+00:00,0.0,0.0,4.0,3.0,4,1.0,0.0,0.5,0.5
2019-11-29 18:55:00+00:00,0.0,0.0,1.0,-3.0,4,0.0,0.0,0.2,0.8
2019-11-29 19:00:00+00:00,0.0,0.0,0.0,-1.0,5,1.0,0.0,0.0,1.0
2019-11-29 19:05:00+00:00,0.0,0.0,0.0,0.0,1,-4.0,0.0,0.0,1.0
2019-11-29 19:10:00+00:00,0.0,0.0,1.0,1.0,7,6.0,0.0,0.125,0.875
2019-11-29 19:15:00+00:00,1.0,1.0,2.0,1.0,3,-4.0,0.16666666666666666,0.3333333333333333,0.5
2019-11-29 19:20:00+00:00,0.0,-1.0,5.0,3.0,8,5.0,0.0,0.38461538461538464,0.6153846153846154
2019-11-29 19:25:00+00:00,0.0,0.0,3.0,-2.0,1,-7.0,0.0,0.75,0.25
2019-11-29 19:30:00+00:00,1.0,1.0,4.0,1.0,5,4.0,0.1,0.4,0.5
2019-11-29 19:35:00+00:00,1.0,0.0,1.0,-3.0,7,2.0,0.1111111111111111,0.1111111111111111,0.7777777777777778
2019-11-29 19:40:00+00:00,0.0,-1.0,8.0,7.0,7,0.0,0.0,0.5333333333333333,0.4666666666666667
2019-11-29 19:45:00+00:00,0.0,0.0,3.0,-5.0,10,3.0,0.0,0.23076923076923078,0.7692307692307693
2019-11-29 19:50:00+00:00,0.0,0.0,3.0,0.0,4,-6.0,0.0,0.42857142857142855,0.5714285714285714
2019-11-29 19:55:00+00:00,0.0,0.0,1.0,-2.0,5,1.0,0.0,0.16666666666666666,0.8333333333333334
2019-11-29 20:00:00+00:00,0.0,0.0,2.0,1.0,4,-1.0,0.0,0.3333333333333333,0.6666666666666666
2019-11-29 20:05:00+00:00,0.0,0.0,4.0,2.0,7,3.0,0.0,0.36363636363636365,0.6363636363636364
2019-11-29 20:10:00+00:00,0.0,0.0,5.0,1.0,9,2.0,0.0,0.35714285714285715,0.6428571428571429
2019-11-29 20:15:00+00:00,0.0,0.0,7.0,2.0,6,-3.0,0.0,0.5384615384615384,0.46153846153846156
2019-11-29 20:20:00+00:00,0.0,0.0,7.0,0.0,8,2.0,0.0,0.4666666666666667,0.5333333333333333
2019-11-29 20:25:00+00:00,0.0,0.0,5.0,-2.0,12,4.0,0.0,0.29411764705882354,0.7058823529411765
2019-11-29 20:30:00+00:00,0.0,0.0,5.0,0.0,7,-5.0,0.0,0.4166666666666667,0.5833333333333334
2019-11-29 20:35:00+00:00,1.0,1.0,6.0,1.0,9,2.0,0.0625,0.375,0.5625
2019-11-29 20:40:00+00:00,0.0,-1.0,4.0,-2.0,13,4.0,0.0,0.23529411764705882,0.7647058823529411
2019-11-29 20:45:00+00:00,0.0,0.0,4.0,0.0,19,6.0,0.0,0.17391304347826086,0.8260869565217391
2019-11-29 20:50:00+00:00,0.0,0.0,5.0,1.0,14,-5.0,0.0,0.2631578947368421,0.7368421052631579
2019-11-29 20:55:00+00:00,0.0,0.0,3.0,-2.0,16,2.0,0.0,0.15789473684210525,0.8421052631578947
2019-11-29 21:00:00+00:00,0.0,0.0,7.0,4.0,8,-8.0,0.0,0.4666666666666667,0.5333333333333333
2019-11-29 21:05:00+00:00,0.0,0.0,8.0,1.0,22,14.0,0.0,0.26666666666666666,0.7333333333333333
2019-11-29 21:10:00+00:00,1.0,1.0,8.0,0.0,16,-6.0,0.04,0.32,0.64
2019-11-29 21:15:00+00:00,0.0,-1.0,13.0,5.0,24,8.0,0.0,0.35135135135135137,0.6486486486486487
2019-11-29 21:20:00+00:00,0.0,0.0,10.0,-3.0,14,-10.0,0.0,0.4166666666666667,0.5833333333333334
2019-11-29 21:25:00+00:00,0.0,0.0,10.0,0.0,25,11.0,0.0,0.2857142857142857,0.7142857142857143
2019-11-29 21:30:00+00:00,0.0,0.0,4.0,-6.0,30,5.0,0.0,0.11764705882352941,0.8823529411764706
2019-11-29 21:35:00+00:00,0.0,0.0,6.0,2.0,18,-12.0,0.0,0.25,0.75
2019-11-29 21:40:00+00:00,0.0,0.0,10.0,4.0,29,11.0,0.0,0.2564102564102564,0.7435897435897436
2019-11-29 21:45:00+00:00,0.0,0.0,12.0,2.0,27,-2.0,0.0,0.3076923076923077,0.6923076923076923
2019-11-29 21:50:00+00:00,2.0,2.0,13.0,1.0,32,5.0,0.0425531914893617,0.2765957446808511,0.6808510638297872
2019-11-29 21:55:00+00:00,3.0,1.0,21.0,8.0,69,37.0,0.03225806451612903,0.22580645161290322,0.7419354838709677
2019-11-29 22:00:00+00:00,0.0,-3.0,22.0,1.0,73,4.0,0.0,0.23157894736842105,0.7684210526315789
2019-11-29 22:05:00+00:00,2.0,2.0,29.0,7.0,70,-3.0,0.019801980198019802,0.2871287128712871,0.693069306930693
2019-11-29 22:10:00+00:00,1.0,-1.0,21.0,-8.0,57,-13.0,0.012658227848101266,0.26582278481012656,0.7215189873417721
2019-11-29 22:15:00+00:00,1.0,0.0,22.0,1.0,63,6.0,0.011627906976744186,0.2558139534883721,0.7325581395348837
2019-11-29 22:20:00+00:00,2.0,1.0,32.0,10.0,71,8.0,0.01904761904761905,0.3047619047619048,0.6761904761904762
2019-11-29 22:25:00+00:00,0.0,-2.0,20.0,-12.0,58,-13.0,0.0,0.2564102564102564,0.7435897435897436
2019-11-29 22:30:00+00:00,1.0,1.0,29.0,9.0,60,2.0,0.011111111111111112,0.32222222222222224,0.6666666666666666
2019-11-29 22:35:00+00:00,0.0,-1.0,24.0,-5.0,56,-4.0,0.0,0.3,0.7
2019-11-29 22:40:00+00:00,1.0,1.0,16.0,-8.0,55,-1.0,0.013888888888888888,0.2222222222222222,0.7638888888888888
2019-11-29 22:45:00+00:00,0.0,-1.0,20.0,4.0,47,-8.0,0.0,0.29850746268656714,0.7014925373134329
2019-11-29 22:50:00+00:00,3.0,3.0,20.0,0.0,54,7.0,0.03896103896103896,0.2597402597402597,0.7012987012987013
2019-11-29 22:55:00+00:00,1.0,-2.0,19.0,-1.0,63,9.0,0.012048192771084338,0.2289156626506024,0.7590361445783133
2019-11-29 23:00:00+00:00,0.0,-1.0,17.0,-2.0,58,-5.0,0.0,0.22666666666666666,0.7733333333333333
2019-11-29 23:05:00+00:00,0.0,0.0,23.0,6.0,49,-9.0,0.0,0.3194444444444444,0.6805555555555556
2019-11-29 23:10:00+00:00,0.0,0.0,15.0,-8.0,45,-4.0,0.0,0.25,0.75
2019-11-29 23:15:00+00:00,2.0,2.0,14.0,-1.0,61,16.0,0.025974025974025976,0.18181818181818182,0.7922077922077922
2019-11-29 23:20:00+00:00,1.0,-1.0,15.0,1.0,47,-14.0,0.015873015873015872,0.23809523809523808,0.746031746031746
2019-11-29 23:25:00+00:00,1.0,0.0,10.0,-5.0,43,-4.0,0.018518518518518517,0.18518518518518517,0.7962962962962963
2019-11-29 23:30:00+00:00,0.0,-1.0,11.0,1.0,34,-9.0,0.0,0.24444444444444444,0.7555555555555555
2019-11-29 23:35:00+00:00,4.0,4.0,11.0,0.0,45,11.0,0.06666666666666667,0.18333333333333332,0.75
2019-11-29 23:40:00+00:00,0.0,-4.0,12.0,1.0,45,0.0,0.0,0.21052631578947367,0.7894736842105263
2019-11-29 23:45:00+00:00,1.0,1.0,9.0,-3.0,31,-14.0,0.024390243902439025,0.21951219512195122,0.7560975609756098
2019-11-29 23:50:00+00:00,1.0,0.0,12.0,3.0,31,0.0,0.022727272727272728,0.2727272727272727,0.7045454545454546
2019-11-29 23:55:00+00:00,1.0,0.0,9.0,-3.0,37,6.0,0.02127659574468085,0.19148936170212766,0.7872340425531915
2019-11-30 00:00:00+00:00,1.0,0.0,12.0,3.0,30,-7.0,0.023255813953488372,0.27906976744186046,0.6976744186046512
2019-11-30 00:05:00+00:00,1.0,0.0,9.0,-3.0,37,7.0,0.02127659574468085,0.19148936170212766,0.7872340425531915
2019-11-30 00:10:00+00:00,1.0,0.0,8.0,-1.0,31,-6.0,0.025,0.2,0.775
2019-11-30 00:15:00+00:00,0.0,-1.0,7.0,-1.0,23,-8.0,0.0,0.23333333333333334,0.7666666666666667
2019-11-30 00:20:00+00:00,0.0,0.0,11.0,4.0,19,-4.0,0.0,0.36666666666666664,0.6333333333333333
2019-11-30 00:25:00+00:00,0.0,0.0,9.0,-2.0,16,-3.0,0.0,0.36,0.64
2019-11-30 00:30:00+00:00,2.0,2.0,5.0,-4.0,24,8.0,0.06451612903225806,0.16129032258064516,0.7741935483870968
2019-11-30 00:35:00+00:00,0.0,-2.0,7.0,2.0,20,-4.0,0.0,0.25925925925925924,0.7407407407407407
2019-11-30 00:40:00+00:00,1.0,1.0,8.0,1.0,23,3.0,0.03125,0.25,0.71875
2019-11-30 00:45:00+00:00,0.0,-1.0,13.0,5.0,12,-11.0,0.0,0.52,0.48
2019-11-30 00:50:00+00:00,0.0,0.0,3.0,-10.0,21,9.0,0.0,0.125,0.875
2019-11-30 00:55:00+00:00,1.0,1.0,6.0,3.0,17,-4.0,0.041666666666666664,0.25,0.7083333333333334
2019-11-30 01:00:00+00:00,0.0,-1.0,9.0,3.0,13,-4.0,0.0,0.4090909090909091,0.5909090909090909
2019-11-30 01:05:00+00:00,1.0,1.0,4.0,-5.0,16,3.0,0.047619047619047616,0.19047619047619047,0.7619047619047619
2019-11-30 01:10:00+00:00,0.0,-1.0,4.0,0.0,18,2.0,0.0,0.18181818181818182,0.8181818181818182
2019-11-30 01:15:00+00:00,1.0,1.0,6.0,2.0,17,-1.0,0.041666666666666664,0.25,0.7083333333333334
2019-11-30 01:20:00+00:00,1.0,0.0,9.0,3.0,11,-6.0,0.047619047619047616,0.42857142857142855,0.5238095238095238
2019-11-30 01:25:00+00:00,0.0,-1.0,4.0,-5.0,13,2.0,0.0,0.23529411764705882,0.7647058823529411
2019-11-30 01:30:00+00:00,1.0,1.0,9.0,5.0,11,-2.0,0.047619047619047616,0.42857142857142855,0.5238095238095238
2019-11-30 01:35:00+00:00,1.0,0.0,4.0,-5.0,8,-3.0,0.07692307692307693,0.3076923076923077,0.6153846153846154
2019-11-30 01:40:00+00:00,0.0,-1.0,3.0,-1.0,14,6.0,0.0,0.17647058823529413,0.8235294117647058
2019-11-30 01:45:00+00:00,1.0,1.0,2.0,-1.0,10,-4.0,0.07692307692307693,0.15384615384615385,0.7692307692307693
2019-11-30 01:50:00+00:00,0.0,-1.0,4.0,2.0,9,-1.0,0.0,0.3076923076923077,0.6923076923076923
2019-11-30 01:55:00+00:00,0.0,0.0,7.0,3.0,6,-3.0,0.0,0.5384615384615384,0.46153846153846156
2019-11-30 02:00:00+00:00,2.0,2.0,3.0,-4.0,12,6.0,0.11764705882352941,0.17647058823529413,0.7058823529411765
2019-11-30 02:05:00+00:00,0.0,-2.0,6.0,3.0,12,0.0,0.0,0.3333333333333333,0.6666666666666666
2019-11-30 02:10:00+00:00,0.0,0.0,5.0,-1.0,12,0.0,0.0,0.29411764705882354,0.7058823529411765
2019-11-30 02:15:00+00:00,0.0,0.0,3.0,-2.0,11,-1.0,0.0,0.21428571428571427,0.7857142857142857
2019-11-30 02:20:00+00:00,0.0,0.0,4.0,1.0,11,0.0,0.0,0.26666666666666666,0.7333333333333333
2019-11-30 02:25:00+00:00,1.0,1.0,5.0,1.0,10,-1.0,0.0625,0.3125,0.625
2019-11-30 02:30:00+00:00,1.0,0.0,7.0,2.0,12,2.0,0.05,0.35,0.6
2019-11-30 02:35:00+00:00,0.0,-1.0,8.0,1.0,6,-6.0,0.0,0.5714285714285714,0.42857142857142855
2019-11-30 02:40:00+00:00,0.0,0.0,7.0,-1.0,4,-2.0,0.0,0.6363636363636364,0.36363636363636365
2019-11-30 02:45:00+00:00,0.0,0.0,4.0,-3.0,5,1.0,0.0,0.4444444444444444,0.5555555555555556
2019-11-30 02:50:00+00:00,0.0,0.0,3.0,-1.0,11,6.0,0.0,0.21428571428571427,0.7857142857142857
2019-11-30 02:55:00+00:00,0.0,0.0,7.0,4.0,8,-3.0,0.0,0.4666666666666667,0.5333333333333333
2019-11-30 03:00:00+00:00,0.0,0.0,6.0,-1.0,7,-1.0,0.0,0.46153846153846156,0.5384615384615384
2019-11-30 03:05:00+00:00,0.0,0.0,7.0,1.0,6,-1.0,0.0,0.5384615384615384,0.46153846153846156
2019-11-30 03:10:00+00:00,1.0,1.0,5.0,-2.0,9,3.0,0.06666666666666667,0.3333333333333333,0.6
2019-11-30 03:15:00+00:00,0.0,-1.0,1.0,-4.0,4,-5.0,0.0,0.2,0.8
2019-11-30 03:20:00+00:00,0.0,0.0,6.0,5.0,11,7.0,0.0,0.35294117647058826,0.6470588235294118
2019-11-30 03:25:00+00:00,0.0,0.0,9.0,3.0,7,-4.0,0.0,0.5625,0.4375
2019-11-30 03:30:00+00:00,1.0,1.0,9.0,0.0,8,1.0,0.05555555555555555,0.5,0.4444444444444444
2019-11-30 03:35:00+00:00,0.0,-1.0,0.0,-9.0,4,-4.0,0.0,0.0,1.0
2019-11-30 03:40:00+00:00,0.0,0.0,8.0,8.0,7,3.0,0.0,0.5333333333333333,0.4666666666666667
2019-11-30 03:45:00+00:00,0.0,0.0,3.0,-5.0,9,2.0,0.0,0.25,0.75
2019-11-30 03:50:00+00:00,0.0,0.0,3.0,0.0,9,0.0,0.0,0.25,0.75
2019-11-30 03:55:00+00:00,0.0,0.0,4.0,1.0,10,1.0,0.0,0.2857142857142857,0.7142857142857143
2019-11-30 04:00:00+00:00,0.0,0.0,1.0,-3.0,11,1.0,0.0,0.08333333333333333,0.9166666666666666
2019-11-30 04:05:00+00:00,0.0,0.0,0.0,-1.0,3,-8.0,0.0,0.0,1.0
2019-11-30 04:10:00+00:00,0.0,0.0,3.0,3.0,9,6.0,0.0,0.25,0.75
2019-11-30 04:15:00+00:00,1.0,1.0,8.0,5.0,9,0.0,0.05555555555555555,0.4444444444444444,0.5
2019-11-30 04:20:00+00:00,0.0,-1.0,4.0,-4.0,1,-8.0,0.0,0.8,0.2
2019-11-30 04:25:00+00:00,0.0,0.0,4.0,0.0,7,6.0,0.0,0.36363636363636365,0.6363636363636364
2019-11-30 04:30:00+00:00,1.0,1.0,3.0,-1.0,8,1.0,0.08333333333333333,0.25,0.6666666666666666
2019-11-30 04:35:00+00:00,0.0,-1.0,3.0,0.0,5,-3.0,0.0,0.375,0.625
2019-11-30 04:40:00+00:00,0.0,0.0,3.0,0.0,5,0.0,0.0,0.375,0.625
2019-11-30 04:45:00+00:00,0.0,0.0,0.0,-3.0,4,-1.0,0.0,0.0,1.0
2019-11-30 04:50:00+00:00,0.0,0.0,1.0,1.0,4,0.0,0.0,0.2,0.8
2019-11-30 04:55:00+00:00,0.0,0.0,4.0,3.0,10,6.0,0.0,0.2857142857142857,0.7142857142857143
2019-11-30 05:00:00+00:00,0.0,0.0,6.0,2.0,6,-4.0,0.0,0.5,0.5
2019-11-30 05:05:00+00:00,0.0,0.0,8.0,2.0,6,0.0,0.0,0.5714285714285714,0.42857142857142855
2019-11-30 05:10:00+00:00,0.0,0.0,6.0,-2.0,10,4.0,0.0,0.375,0.625
2019-11-30 05:15:00+00:00,0.0,0.0,3.0,-3.0,7,-3.0,0.0,0.3,0.7
2019-11-30 05:20:00+00:00,0.0,0.0,3.0,0.0,4,-3.0,0.0,0.42857142857142855,0.5714285714285714
2019-11-30 05:25:00+00:00,0.0,0.0,4.0,1.0,8,4.0,0.0,0.3333333333333333,0.6666666666666666
2019-11-30 05:30:00+00:00,0.0,0.0,4.0,0.0,5,-3.0,0.0,0.4444444444444444,0.5555555555555556
2019-11-30 05:35:00+00:00,0.0,0.0,4.0,0.0,11,6.0,0.0,0.26666666666666666,0.7333333333333333
2019-11-30 05:40:00+00:00,0.0,0.0,3.0,-1.0,11,0.0,0.0,0.21428571428571427,0.7857142857142857
2019-11-30 05:45:00+00:00,0.0,0.0,4.0,1.0,9,-2.0,0.0,0.3076923076923077,0.6923076923076923
2019-11-30 05:50:00+00:00,0.0,0.0,3.0,-1.0,12,3.0,0.0,0.2,0.8
2019-11-30 05:55:00+00:00,2.0,2.0,5.0,2.0,9,-3.0,0.125,0.3125,0.5625
2019-11-29 17:10:00+00:00,0.0,0.0,1.0,-3.0,2,0.0,0.0,0.3333333333333333,0.6666666666666666
2019-11-29 17:15:00+00:00,0.0,0.0,1.0,0.0,2,0.0,0.0,0.3333333333333333,0.6666666666666666
2019-11-29 17:20:00+00:00,0.0,0.0,3.0,2.0,6,4.0,0.0,0.3333333333333333,0.6666666666666666
2019-11-29 17:25:00+00:00,0.0,0.0,1.0,-2.0,0,-6.0,0.0,1.0,0.0
2019-11-29 17:30:00+00:00,0.0,0.0,2.0,1.0,1,1.0,0.0,0.6666666666666666,0.3333333333333333
2019-11-29 17:05:00+00:00,0.0,0.0,0.0,0.0,2,-1.0,0.0,0.0,1.0
